       pulse      tw[0]        tw[1]    nseed  ptot	    ptot_inter   psep_inter   dwdt_inter      ne_sep	    neped	teped	     concNped	   zeff_cxzeff ks3/zefv    borp_inplasa  rho<1prad_psin<0.93og.prad_bulk_inter[wh[0]]
       85262      52.0878      54.4272  0.00   1.85387e+07  1.85977e+07  9.81463e+06  5.24395e+06      3.95519      8.33664	0.540656      0.00000	   0.00000     0.983182     -1.00000  2.46088e+06  3.53671e+06
       85263      51.6099      54.6198  0.00   1.83810e+07  1.85798e+07  9.56216e+06  5.66930e+06      4.00454      8.54102	0.533090      0.00000	   0.00000     0.971189     -1.00000  2.13841e+06  3.13530e+06
       85264      53.3635      54.2769  2.50   1.78539e+07  1.77293e+07  1.10971e+07  2.72034e+06     -1.00000      6.67122	0.702121      0.00000	   0.00000	1.08206     -1.00000  2.85887e+06  3.85231e+06
       85265      53.6992      55.3402  2.50   2.02148e+07  1.99490e+07  1.03048e+07  3.09811e+06      2.55000      6.54015	0.794705      1.21679	   1.71922	1.22876     -1.00000  4.89856e+06  6.52554e+06
       85266      53.6992      55.3402  2.50   2.02148e+07  1.99490e+07  1.03048e+07  3.09811e+06      2.55000      6.54015	0.794705      1.21679	   1.71922	1.22876     -1.00000  4.89856e+06  6.52554e+06
       85267      53.3242      54.3749  2.10   1.81285e+07  1.80561e+07  1.06940e+07  2.76430e+06     -1.00000      6.89162	0.744557      0.00000	   1.00000	1.08650     -1.00000  3.02478e+06  4.25875e+06
       85268      53.4407      54.8077  2.10   1.64622e+07  1.70155e+07  1.03683e+07  1.13008e+06      2.35000      6.28863	0.697303      1.38896	   1.66724	1.19328     -1.00000  3.14533e+06  4.19459e+06
       85269      53.5592      56.1291  0.00   2.06137e+07  2.06381e+07  8.97525e+06  6.03416e+06     -1.00000      8.44477	0.549886    0.0279061	   1.02858	1.03087  4.66590e+06  4.11391e+06  5.66645e+06
       85270      53.7190      56.3697  3.90   2.04002e+07  2.03739e+07  1.07558e+07  3.01652e+06      2.81339      6.50996	0.814731     0.123855	   1.06476	1.23129  5.28389e+06  4.77320e+06  6.29408e+06
       85272      53.7002      56.7637  1.70   2.00279e+07  2.00381e+07  8.88277e+06  3.46531e+06      3.49510      6.90327	0.619447     0.979164	   1.57600	1.19120  6.03760e+06  5.53012e+06  7.30687e+06
       85273      53.6386      55.8999  1.08   2.19192e+07  2.18420e+07  9.51169e+06  5.04940e+06      2.69437      6.87614	0.568228     0.803826	   1.49954	1.15014  6.25515e+06  5.68441e+06  7.31898e+06
       85274      53.6628      56.1069  3.97   2.01273e+07  2.02531e+07  1.15383e+07  2.67245e+06      3.49959      6.46354	0.782939      1.99987	   1.98961	1.28372  5.61071e+06  4.35946e+06  5.85890e+06
       85276      53.7799      56.2110  2.20   1.90574e+07  1.90975e+07  9.73877e+06  3.12090e+06      2.88651      6.67897	0.791173      1.92281	   1.98139	1.15956  5.28326e+06  4.69892e+06  6.18947e+06
       85278      53.4591      56.7955  0.00   2.04261e+07  2.06374e+07  8.71550e+06  4.79992e+06     -1.00000      8.09722	0.567035     0.514494	   1.42915	1.06216     -1.00000  5.03814e+06  6.81462e+06
       85406      50.9631      52.8765  0.00   1.65703e+07  1.65499e+07  7.92466e+06  4.65611e+06     -1.00000      7.24923	0.574958      0.00000	   0.00000     0.981477  3.55575e+06  3.11755e+06  3.93453e+06
       85407      51.0413      53.1272  0.00   1.64562e+07  1.63994e+07  7.93370e+06  5.63869e+06      3.65714      7.29630	0.503480      0.00000	   0.00000     0.949995  2.73063e+06  2.25671e+06  2.85633e+06
       85408      51.6770      53.8452  3.70   1.94002e+07  1.94060e+07  9.11440e+06  2.70735e+06     -1.00000      8.30563	0.679135      1.29874	   1.68837	1.15731     -1.00000  5.74066e+06  7.34076e+06
       85409      51.7094      52.7971  3.50   2.05282e+07  2.08882e+07  1.09375e+07  1.22385e+06     -1.00000      8.45504	0.738924      1.99224	   1.99929	1.24611     -1.00000  5.84200e+06  7.40230e+06
       85410      51.2070      53.1300  3.60   1.98751e+07  2.01600e+07  1.10486e+07  2.63704e+06     -1.00000      7.84660	0.663546      2.07377	   1.98807	1.20671     -1.00000  5.00246e+06  6.07251e+06
       85411      51.7560      53.6182  3.50   2.10031e+07  2.09227e+07  1.14639e+07  2.57783e+06     -1.00000      7.89639	0.674310      2.23828	   2.08165	1.26934     -1.00000  5.54274e+06  6.74676e+06
       85412      51.8959      54.9889  3.50   2.11581e+07  2.12854e+07  1.14385e+07  2.81747e+06      4.25513      7.60727	0.692659      2.23464	   2.08408	1.26656  6.89353e+06  5.41578e+06  6.63456e+06
       85415      54.4041      57.0504  0.00   2.04213e+07  2.04689e+07  4.75022e+06  1.03200e+07      4.88840      8.71313	0.575989     0.417568	   1.34589	1.00016     -1.00000  3.87229e+06  5.36629e+06
       85417      53.4688      56.3244  2.40   1.96953e+07  1.96574e+07  1.08170e+07  2.93210e+06      2.88064      5.40187	0.697381    0.0878263	   1.04649	1.21618     -1.00000  3.21594e+06  5.04657e+06
       85419      53.4458      55.1388  2.00   1.97194e+07  1.91680e+07  1.04920e+07  3.25240e+06      2.54375      6.65291	0.803116      1.54877	   1.80453	1.14608     -1.00000  4.43746e+06  5.96451e+06 
       85423      50.0000      52.0000  6.20   2.10031e+07  -1.00000000  1.54920e+07  -1.00000000      1.50000      -1.0000	-1.00000      -1.0000	   -1.0000	-1.0000     -1.00000  -1.00000000  -1.00000000
       96075      49.0000      51.0000  10.1   2.10031e+07  -1.00000000  1.54920e+07  -1.00000000      1.50000      -1.0000	-1.00000      -1.0000	   -1.0000	-1.0000     -1.00000  -1.00000000  -1.00000000
       96227      50.0000      52.0000  10.1   2.10031e+07  -1.00000000  1.54920e+07  -1.00000000      1.50000      -1.0000	-1.00000      -1.0000	   -1.0000	-1.0000     -1.00000  -1.00000000  -1.00000000
