1,5.324e-36,5.319e-36,5.29e-36,5.266e-36,5.263e-36
1.047,7.609e-36,7.543e-36,7.183e-36,6.913e-36,6.881e-36
1.097,1.084e-35,1.062e-35,9.501e-36,8.781e-36,8.701e-36
1.149,1.544e-35,1.486e-35,1.224e-35,1.093e-35,1.079e-35
1.203,2.197e-35,2.056e-35,1.548e-35,1.361e-35,1.341e-35
1.26,3.119e-35,2.807e-35,1.956e-35,1.734e-35,1.712e-35
1.32,4.417e-35,3.768e-35,2.528e-35,2.297e-35,2.274e-35
1.383,6.231e-35,4.969e-35,3.389e-35,3.165e-35,3.142e-35
1.448,8.741e-35,6.484e-35,4.712e-35,4.506e-35,4.485e-35
1.517,1.186e-34,8.338e-35,6.58e-35,6.396e-35,6.377e-35
1.589,1.467e-34,1.018e-34,8.57e-35,8.407e-35,8.39e-35
1.664,1.809e-34,1.268e-34,1.125e-34,1.111e-34,1.109e-34
1.743,2.225e-34,1.609e-34,1.485e-34,1.472e-34,1.471e-34
1.825,2.736e-34,2.073e-34,1.967e-34,1.956e-34,1.955e-34
1.912,3.373e-34,2.702e-34,2.613e-34,2.604e-34,2.603e-34
2.002,4.183e-34,3.547e-34,3.474e-34,3.468e-34,3.467e-34
2.097,4.919e-34,4.342e-34,4.283e-34,4.279e-34,4.278e-34
2.196,5.83e-34,5.328e-34,5.284e-34,5.283e-34,5.283e-34
2.3,6.965e-34,6.548e-34,6.525e-34,6.53e-34,6.531e-34
2.409,8.386e-34,8.06e-34,8.068e-34,8.087e-34,8.089e-34
2.524,1.016e-33,9.934e-34,9.998e-34,1.004e-33,1.005e-33
2.643,1.239e-33,1.226e-33,1.243e-33,1.253e-33,1.254e-33
2.768,1.516e-33,1.515e-33,1.553e-33,1.574e-33,1.576e-33
2.899,1.86e-33,1.877e-33,1.955e-33,1.993e-33,1.997e-33
3.037,2.253e-33,2.293e-33,2.433e-33,2.492e-33,2.498e-33
3.181,2.603e-33,2.668e-33,2.867e-33,2.94e-33,2.947e-33
3.331,3.011e-33,3.11e-33,3.381e-33,3.464e-33,3.473e-33
3.489,3.486e-33,3.634e-33,3.983e-33,4.073e-33,4.082e-33
3.654,4.039e-33,4.255e-33,4.683e-33,4.774e-33,4.783e-33
3.827,4.683e-33,4.994e-33,5.489e-33,5.575e-33,5.584e-33
4.009,5.435e-33,5.872e-33,6.41e-33,6.488e-33,6.496e-33
4.199,6.316e-33,6.911e-33,7.459e-33,7.528e-33,7.535e-33
4.398,7.348e-33,8.13e-33,8.654e-33,8.713e-33,8.719e-33
4.606,8.562e-33,9.545e-33,1.002e-32,1.007e-32,1.007e-32
4.824,9.994e-33,1.117e-32,1.158e-32,1.163e-32,1.163e-32
5.053,1.157e-32,1.289e-32,1.326e-32,1.33e-32,1.33e-32
5.292,1.292e-32,1.429e-32,1.462e-32,1.466e-32,1.466e-32
5.543,1.444e-32,1.582e-32,1.611e-32,1.614e-32,1.615e-32
5.805,1.613e-32,1.748e-32,1.774e-32,1.778e-32,1.778e-32
6.08,1.8e-32,1.93e-32,1.953e-32,1.957e-32,1.957e-32
6.368,2.009e-32,2.129e-32,2.15e-32,2.153e-32,2.153e-32
6.67,2.238e-32,2.345e-32,2.367e-32,2.371e-32,2.371e-32
6.986,2.489e-32,2.582e-32,2.608e-32,2.614e-32,2.614e-32
7.317,2.696e-32,2.773e-32,2.802e-32,2.811e-32,2.812e-32
7.663,2.913e-32,2.971e-32,3.01e-32,3.023e-32,3.024e-32
8.026,3.142e-32,3.181e-32,3.239e-32,3.257e-32,3.258e-32
8.407,3.385e-32,3.406e-32,3.491e-32,3.516e-32,3.519e-32
8.805,3.642e-32,3.648e-32,3.769e-32,3.802e-32,3.805e-32
9.222,3.911e-32,3.91e-32,4.071e-32,4.106e-32,4.109e-32
9.659,4.193e-32,4.194e-32,4.383e-32,4.408e-32,4.41e-32
10.12,4.469e-32,4.481e-32,4.656e-32,4.647e-32,4.646e-32
10.6,4.69e-32,4.712e-32,4.823e-32,4.761e-32,4.754e-32
11.1,4.919e-32,4.949e-32,4.929e-32,4.785e-32,4.77e-32
11.62,5.155e-32,5.187e-32,4.947e-32,4.691e-32,4.664e-32
12.17,5.399e-32,5.416e-32,4.849e-32,4.459e-32,4.419e-32
12.75,5.651e-32,5.622e-32,4.618e-32,4.091e-32,4.037e-32
13.35,5.911e-32,5.785e-32,4.252e-32,3.612e-32,3.546e-32
13.99,6.178e-32,5.879e-32,3.772e-32,3.066e-32,2.994e-32
14.65,6.451e-32,5.877e-32,3.222e-32,2.507e-32,2.435e-32
15.34,6.694e-32,5.779e-32,2.725e-32,2.043e-32,1.974e-32
16.07,6.9e-32,5.617e-32,2.322e-32,1.687e-32,1.623e-32
16.83,7.101e-32,5.376e-32,1.949e-32,1.374e-32,1.317e-32
17.63,7.292e-32,5.056e-32,1.615e-32,1.107e-32,1.056e-32
18.46,7.464e-32,4.664e-32,1.325e-32,8.845e-33,8.402e-33
19.34,7.611e-32,4.212e-32,1.079e-32,7.014e-33,6.635e-33
20.26,7.718e-32,3.76e-32,8.846e-33,5.612e-33,5.287e-33
21.21,7.784e-32,3.398e-32,7.517e-33,4.659e-33,4.372e-33
22.22,7.821e-32,3.038e-32,6.376e-33,3.861e-33,3.608e-33
23.27,7.824e-32,2.691e-32,5.401e-33,3.194e-33,2.973e-33
24.37,7.789e-32,2.365e-32,4.571e-33,2.64e-33,2.447e-33
25.53,7.71e-32,2.066e-32,3.866e-33,2.18e-33,2.012e-33
26.74,7.585e-32,1.797e-32,3.269e-33,1.799e-33,1.653e-33
28.01,7.41e-32,1.56e-32,2.765e-33,1.484e-33,1.358e-33
29.33,7.182e-32,1.352e-32,2.339e-33,1.225e-33,1.116e-33
30.72,6.957e-32,1.2e-32,2.037e-33,1.043e-33,9.475e-34
32.18,6.755e-32,1.092e-32,1.824e-33,9.179e-34,8.315e-34
33.7,6.531e-32,9.933e-33,1.635e-33,8.076e-34,7.3e-34
35.3,6.288e-32,9.038e-33,1.465e-33,7.108e-34,6.413e-34
36.97,6.025e-32,8.225e-33,1.314e-33,6.259e-34,5.638e-34
38.72,5.747e-32,7.487e-33,1.18e-33,5.514e-34,4.962e-34
40.55,5.456e-32,6.817e-33,1.06e-33,4.862e-34,4.374e-34
42.48,5.155e-32,6.209e-33,9.527e-34,4.292e-34,3.863e-34
44.49,4.848e-32,5.657e-33,8.577e-34,3.799e-34,3.423e-34
46.6,4.539e-32,5.157e-33,7.738e-34,3.376e-34,3.049e-34
48.8,4.231e-32,4.704e-33,7.005e-34,3.022e-34,2.739e-34
51.11,3.973e-32,4.356e-33,6.488e-34,2.801e-34,2.553e-34
53.54,3.771e-32,4.102e-33,6.158e-34,2.692e-34,2.469e-34
56.07,3.575e-32,3.866e-33,5.875e-34,2.615e-34,2.417e-34
58.73,3.384e-32,3.649e-33,5.644e-34,2.578e-34,2.402e-34
61.51,3.201e-32,3.449e-33,5.475e-34,2.591e-34,2.435e-34
64.42,3.025e-32,3.269e-33,5.381e-34,2.665e-34,2.527e-34
67.48,2.857e-32,3.108e-33,5.379e-34,2.819e-34,2.697e-34
70.67,2.706e-32,2.976e-33,5.491e-34,3.063e-34,2.954e-34
74.02,2.592e-32,2.888e-33,5.687e-34,3.349e-34,3.249e-34
77.53,2.483e-32,2.814e-33,5.967e-34,3.706e-34,3.611e-34
81.2,2.38e-32,2.756e-33,6.347e-34,4.141e-34,4.049e-34
85.04,2.283e-32,2.717e-33,6.844e-34,4.664e-34,4.569e-34
89.07,2.191e-32,2.699e-33,7.476e-34,5.279e-34,5.176e-34
93.29,2.106e-32,2.705e-33,8.259e-34,5.985e-34,5.867e-34
97.71,2.027e-32,2.741e-33,9.205e-34,6.774e-34,6.63e-34
102.3,1.962e-32,2.793e-33,1.013e-33,7.499e-34,7.326e-34
107.2,1.909e-32,2.849e-33,1.094e-33,8.117e-34,7.918e-34
112.3,1.859e-32,2.925e-33,1.183e-33,8.746e-34,8.513e-34
117.6,1.815e-32,3.023e-33,1.276e-33,9.367e-34,9.094e-34
123.2,1.774e-32,3.144e-33,1.373e-33,9.96e-34,9.638e-34
129,1.739e-32,3.291e-33,1.472e-33,1.05e-33,1.012e-33
135.1,1.709e-32,3.466e-33,1.57e-33,1.094e-33,1.05e-33
141.5,1.685e-32,3.669e-33,1.665e-33,1.127e-33,1.074e-33
148.2,1.666e-32,3.901e-33,1.752e-33,1.143e-33,1.082e-33
155.2,1.652e-32,4.092e-33,1.805e-33,1.137e-33,1.069e-33
162.6,1.641e-32,4.27e-33,1.84e-33,1.117e-33,1.044e-33
170.3,1.634e-32,4.46e-33,1.863e-33,1.087e-33,1.009e-33
178.3,1.63e-32,4.659e-33,1.872e-33,1.047e-33,9.659e-34
186.8,1.631e-32,4.866e-33,1.865e-33,1e-33,9.161e-34
195.6,1.637e-32,5.078e-33,1.841e-33,9.476e-34,8.618e-34
204.9,1.643e-32,5.25e-33,1.8e-33,8.945e-34,8.084e-34
214.6,1.647e-32,5.379e-33,1.75e-33,8.439e-34,7.584e-34
224.8,1.653e-32,5.506e-33,1.694e-33,7.94e-34,7.096e-34
235.4,1.662e-32,5.629e-33,1.632e-33,7.454e-34,6.627e-34
246.6,1.674e-32,5.746e-33,1.565e-33,6.986e-34,6.179e-34
258.3,1.689e-32,5.855e-33,1.497e-33,6.539e-34,5.756e-34
270.5,1.706e-32,5.955e-33,1.428e-33,6.115e-34,5.358e-34
283.3,1.727e-32,6.042e-33,1.359e-33,5.715e-34,4.986e-34
296.7,1.75e-32,6.115e-33,1.291e-33,5.34e-34,4.64e-34
310.8,1.763e-32,6.13e-33,1.233e-33,5.021e-34,4.345e-34
325.5,1.773e-32,6.121e-33,1.18e-33,4.733e-34,4.08e-34
340.9,1.784e-32,6.102e-33,1.129e-33,4.464e-34,3.833e-34
357.1,1.797e-32,6.073e-33,1.08e-33,4.214e-34,3.605e-34
374,1.81e-32,6.033e-33,1.033e-33,3.98e-34,3.393e-34
391.7,1.824e-32,5.982e-33,9.889e-34,3.761e-34,3.196e-34
410.3,1.839e-32,5.919e-33,9.465e-34,3.558e-34,3.013e-34
429.7,1.855e-32,5.843e-33,9.06e-34,3.368e-34,2.843e-34
450.1,1.872e-32,5.756e-33,8.675e-34,3.191e-34,2.686e-34
471.4,1.89e-32,5.657e-33,8.308e-34,3.026e-34,2.539e-34
493.7,1.909e-32,5.547e-33,7.958e-34,2.872e-34,2.403e-34
517.1,1.918e-32,5.441e-33,7.671e-34,2.742e-34,2.288e-34
541.6,1.925e-32,5.336e-33,7.414e-34,2.626e-34,2.185e-34
567.2,1.931e-32,5.228e-33,7.168e-34,2.517e-34,2.089e-34
594.1,1.938e-32,5.118e-33,6.933e-34,2.414e-34,1.999e-34
622.3,1.945e-32,5.006e-33,6.707e-34,2.318e-34,1.914e-34
651.7,1.951e-32,4.892e-33,6.491e-34,2.227e-34,1.835e-34
682.6,1.958e-32,4.777e-33,6.284e-34,2.141e-34,1.761e-34
714.9,1.962e-32,4.671e-33,6.101e-34,2.065e-34,1.695e-34
748.8,1.962e-32,4.578e-33,5.945e-34,1.999e-34,1.637e-34
784.3,1.962e-32,4.486e-33,5.794e-34,1.937e-34,1.583e-34
821.4,1.962e-32,4.395e-33,5.649e-34,1.878e-34,1.532e-34
860.3,1.963e-32,4.305e-33,5.509e-34,1.822e-34,1.484e-34
901.1,1.962e-32,4.215e-33,5.373e-34,1.769e-34,1.438e-34
943.8,1.962e-32,4.127e-33,5.243e-34,1.719e-34,1.395e-34
988.5,1.962e-32,4.04e-33,5.117e-34,1.672e-34,1.355e-34
1035,1.959e-32,3.969e-33,5.014e-34,1.632e-34,1.321e-34
1084,1.955e-32,3.904e-33,4.922e-34,1.597e-34,1.291e-34
1136,1.951e-32,3.839e-33,4.832e-34,1.563e-34,1.263e-34
1190,1.947e-32,3.776e-33,4.745e-34,1.531e-34,1.236e-34
1246,1.942e-32,3.714e-33,4.661e-34,1.501e-34,1.21e-34
1305,1.938e-32,3.653e-33,4.579e-34,1.472e-34,1.187e-34
1367,1.933e-32,3.593e-33,4.499e-34,1.445e-34,1.164e-34
1431,1.929e-32,3.533e-33,4.422e-34,1.419e-34,1.143e-34
1499,1.924e-32,3.475e-33,4.347e-34,1.394e-34,1.123e-34
1570,1.917e-32,3.429e-33,4.289e-34,1.376e-34,1.108e-34
1645,1.909e-32,3.384e-33,4.233e-34,1.358e-34,1.094e-34
1723,1.902e-32,3.34e-33,4.179e-34,1.342e-34,1.081e-34
1804,1.894e-32,3.296e-33,4.126e-34,1.326e-34,1.069e-34
1890,1.886e-32,3.253e-33,4.074e-34,1.312e-34,1.058e-34
1979,1.879e-32,3.211e-33,4.024e-34,1.298e-34,1.048e-34
2073,1.87e-32,3.174e-33,3.982e-34,1.288e-34,1.041e-34
2171,1.861e-32,3.139e-33,3.943e-34,1.28e-34,1.035e-34
2274,1.851e-32,3.104e-33,3.905e-34,1.272e-34,1.03e-34
2382,1.842e-32,3.069e-33,3.869e-34,1.265e-34,1.026e-34
2495,1.833e-32,3.036e-33,3.833e-34,1.259e-34,1.022e-34
2613,1.824e-32,3.002e-33,3.798e-34,1.253e-34,1.018e-34
2736,1.814e-32,2.969e-33,3.764e-34,1.247e-34,1.016e-34
2866,1.805e-32,2.937e-33,3.731e-34,1.242e-34,1.013e-34
3002,1.796e-32,2.905e-33,3.699e-34,1.238e-34,1.011e-34
3144,1.784e-32,2.875e-33,3.672e-34,1.237e-34,1.013e-34
3293,1.772e-32,2.846e-33,3.646e-34,1.237e-34,1.015e-34
3449,1.761e-32,2.817e-33,3.621e-34,1.238e-34,1.018e-34
3612,1.749e-32,2.788e-33,3.597e-34,1.239e-34,1.021e-34
3783,1.737e-32,2.76e-33,3.573e-34,1.24e-34,1.025e-34
3963,1.726e-32,2.732e-33,3.55e-34,1.241e-34,1.028e-34
4150,1.714e-32,2.704e-33,3.528e-34,1.244e-34,1.033e-34
4347,1.703e-32,2.677e-33,3.506e-34,1.246e-34,1.037e-34
4553,1.692e-32,2.65e-33,3.485e-34,1.249e-34,1.042e-34
4769,1.68e-32,2.624e-33,3.464e-34,1.252e-34,1.047e-34
4995,1.669e-32,2.598e-33,3.444e-34,1.255e-34,1.053e-34
5231,1.658e-32,2.575e-33,3.431e-34,1.262e-34,1.061e-34
5479,1.646e-32,2.552e-33,3.417e-34,1.269e-34,1.07e-34
5738,1.635e-32,2.53e-33,3.405e-34,1.276e-34,1.079e-34
6010,1.623e-32,2.508e-33,3.393e-34,1.284e-34,1.088e-34
6295,1.612e-32,2.487e-33,3.381e-34,1.292e-34,1.098e-34
6593,1.601e-32,2.466e-33,3.37e-34,1.3e-34,1.108e-34
6906,1.589e-32,2.444e-33,3.359e-34,1.309e-34,1.118e-34
7233,1.578e-32,2.425e-33,3.352e-34,1.32e-34,1.13e-34
7575,1.567e-32,2.407e-33,3.347e-34,1.331e-34,1.144e-34
7934,1.556e-32,2.389e-33,3.343e-34,1.344e-34,1.157e-34
8310,1.545e-32,2.371e-33,3.339e-34,1.356e-34,1.171e-34
8704,1.534e-32,2.353e-33,3.335e-34,1.369e-34,1.186e-34
9116,1.523e-32,2.336e-33,3.332e-34,1.383e-34,1.2e-34
9548,1.512e-32,2.319e-33,3.329e-34,1.396e-34,1.215e-34
10000,1.501e-32,2.302e-33,3.327e-34,1.41e-34,1.231e-34
